-3.140000000000000124e+00
-1.540000000000000036e+00
-7.969999999999999751e+00
1.750000000000000000e+00
-6.169999999999999929e+00
-2.939999999999999947e+00
8.570000000000000284e+00
-8.800000000000000711e+00
-6.150000000000000355e+00
-2.549999999999999822e+00
-9.490000000000000213e+00
-4.719999999999999751e+00
-8.890000000000000568e+00
-1.600000000000000033e-01
-3.720000000000000195e+00
7.080000000000000071e+00
-6.110000000000000320e+00
3.930000000000000160e+00
-3.560000000000000053e+00
-3.069999999999999840e+00
-6.320000000000000284e+00
1.060000000000000053e+00
9.039999999999999147e+00
-4.570000000000000284e+00
3.800000000000000044e-01
4.780000000000000249e+00
3.459999999999999964e+00
-3.799999999999999822e+00
-6.589999999999999858e+00
4.839999999999999858e+00
-1.379999999999999893e+00
